{
 "cells": [
  {
   "cell_type": "markdown",
   "metadata": {},
   "source": [
    "# Sorting a DataFrame\n",
    "\n",
    "[Pandas `sort_values()` documentation](https://pandas.pydata.org/pandas-docs/stable/reference/api/pandas.DataFrame.sort_values.html)"
   ]
  },
  {
   "cell_type": "markdown",
   "metadata": {},
   "source": [
    "### Import Dependencies"
   ]
  },
  {
   "cell_type": "code",
   "execution_count": 16,
   "metadata": {},
   "outputs": [],
   "source": [
    "import pandas as pd\n",
    "import os"
   ]
  },
  {
   "cell_type": "markdown",
   "metadata": {},
   "source": [
    "### Load the data file"
   ]
  },
  {
   "cell_type": "code",
   "execution_count": 17,
   "metadata": {},
   "outputs": [
    {
     "data": {
      "text/html": [
       "<div>\n",
       "<style scoped>\n",
       "    .dataframe tbody tr th:only-of-type {\n",
       "        vertical-align: middle;\n",
       "    }\n",
       "\n",
       "    .dataframe tbody tr th {\n",
       "        vertical-align: top;\n",
       "    }\n",
       "\n",
       "    .dataframe thead th {\n",
       "        text-align: right;\n",
       "    }\n",
       "</style>\n",
       "<table border=\"1\" class=\"dataframe\">\n",
       "  <thead>\n",
       "    <tr style=\"text-align: right;\">\n",
       "      <th></th>\n",
       "      <th>Country</th>\n",
       "      <th>Happiness.Rank</th>\n",
       "      <th>Happiness.Score</th>\n",
       "      <th>Whisker.high</th>\n",
       "      <th>Whisker.low</th>\n",
       "      <th>Economy..GDP.per.Capita.</th>\n",
       "      <th>Family</th>\n",
       "      <th>Health..Life.Expectancy.</th>\n",
       "      <th>Freedom</th>\n",
       "      <th>Generosity</th>\n",
       "      <th>Trust..Government.Corruption.</th>\n",
       "      <th>Dystopia.Residual</th>\n",
       "    </tr>\n",
       "  </thead>\n",
       "  <tbody>\n",
       "    <tr>\n",
       "      <th>0</th>\n",
       "      <td>Norway</td>\n",
       "      <td>1</td>\n",
       "      <td>7.537</td>\n",
       "      <td>7.594445</td>\n",
       "      <td>7.479556</td>\n",
       "      <td>1.616463</td>\n",
       "      <td>1.533524</td>\n",
       "      <td>0.796667</td>\n",
       "      <td>0.635423</td>\n",
       "      <td>0.362012</td>\n",
       "      <td>0.315964</td>\n",
       "      <td>2.277027</td>\n",
       "    </tr>\n",
       "    <tr>\n",
       "      <th>1</th>\n",
       "      <td>Denmark</td>\n",
       "      <td>2</td>\n",
       "      <td>7.522</td>\n",
       "      <td>7.581728</td>\n",
       "      <td>7.462272</td>\n",
       "      <td>1.482383</td>\n",
       "      <td>1.551122</td>\n",
       "      <td>0.792566</td>\n",
       "      <td>0.626007</td>\n",
       "      <td>0.355280</td>\n",
       "      <td>0.400770</td>\n",
       "      <td>2.313707</td>\n",
       "    </tr>\n",
       "    <tr>\n",
       "      <th>2</th>\n",
       "      <td>Iceland</td>\n",
       "      <td>3</td>\n",
       "      <td>7.504</td>\n",
       "      <td>7.622030</td>\n",
       "      <td>7.385970</td>\n",
       "      <td>1.480633</td>\n",
       "      <td>1.610574</td>\n",
       "      <td>0.833552</td>\n",
       "      <td>0.627163</td>\n",
       "      <td>0.475540</td>\n",
       "      <td>0.153527</td>\n",
       "      <td>2.322715</td>\n",
       "    </tr>\n",
       "    <tr>\n",
       "      <th>3</th>\n",
       "      <td>Switzerland</td>\n",
       "      <td>4</td>\n",
       "      <td>7.494</td>\n",
       "      <td>7.561772</td>\n",
       "      <td>7.426227</td>\n",
       "      <td>1.564980</td>\n",
       "      <td>1.516912</td>\n",
       "      <td>0.858131</td>\n",
       "      <td>0.620071</td>\n",
       "      <td>0.290549</td>\n",
       "      <td>0.367007</td>\n",
       "      <td>2.276716</td>\n",
       "    </tr>\n",
       "    <tr>\n",
       "      <th>4</th>\n",
       "      <td>Finland</td>\n",
       "      <td>5</td>\n",
       "      <td>7.469</td>\n",
       "      <td>7.527542</td>\n",
       "      <td>7.410458</td>\n",
       "      <td>1.443572</td>\n",
       "      <td>1.540247</td>\n",
       "      <td>0.809158</td>\n",
       "      <td>0.617951</td>\n",
       "      <td>0.245483</td>\n",
       "      <td>0.382612</td>\n",
       "      <td>2.430182</td>\n",
       "    </tr>\n",
       "  </tbody>\n",
       "</table>\n",
       "</div>"
      ],
      "text/plain": [
       "       Country  Happiness.Rank  Happiness.Score  Whisker.high  Whisker.low  \\\n",
       "0       Norway               1            7.537      7.594445     7.479556   \n",
       "1      Denmark               2            7.522      7.581728     7.462272   \n",
       "2      Iceland               3            7.504      7.622030     7.385970   \n",
       "3  Switzerland               4            7.494      7.561772     7.426227   \n",
       "4      Finland               5            7.469      7.527542     7.410458   \n",
       "\n",
       "   Economy..GDP.per.Capita.    Family  Health..Life.Expectancy.   Freedom  \\\n",
       "0                  1.616463  1.533524                  0.796667  0.635423   \n",
       "1                  1.482383  1.551122                  0.792566  0.626007   \n",
       "2                  1.480633  1.610574                  0.833552  0.627163   \n",
       "3                  1.564980  1.516912                  0.858131  0.620071   \n",
       "4                  1.443572  1.540247                  0.809158  0.617951   \n",
       "\n",
       "   Generosity  Trust..Government.Corruption.  Dystopia.Residual  \n",
       "0    0.362012                       0.315964           2.277027  \n",
       "1    0.355280                       0.400770           2.313707  \n",
       "2    0.475540                       0.153527           2.322715  \n",
       "3    0.290549                       0.367007           2.276716  \n",
       "4    0.245483                       0.382612           2.430182  "
      ]
     },
     "execution_count": 17,
     "metadata": {},
     "output_type": "execute_result"
    }
   ],
   "source": [
    "csv_path = os.path.join(\"..\", \"Resources\",\"Happiness_2017.csv\")\n",
    "\n",
    "happiness_df = pd.read_csv(csv_path)\n",
    "happiness_df.head()"
   ]
  },
  {
   "cell_type": "markdown",
   "metadata": {},
   "source": [
    "### Sorting the DataFrame based on \"Freedom\" column\n",
    "\n",
    "**NOTE:** By default, `sort_values()` will sort from lowest to highest."
   ]
  },
  {
   "cell_type": "code",
   "execution_count": 18,
   "metadata": {},
   "outputs": [
    {
     "data": {
      "text/html": [
       "<div>\n",
       "<style scoped>\n",
       "    .dataframe tbody tr th:only-of-type {\n",
       "        vertical-align: middle;\n",
       "    }\n",
       "\n",
       "    .dataframe tbody tr th {\n",
       "        vertical-align: top;\n",
       "    }\n",
       "\n",
       "    .dataframe thead th {\n",
       "        text-align: right;\n",
       "    }\n",
       "</style>\n",
       "<table border=\"1\" class=\"dataframe\">\n",
       "  <thead>\n",
       "    <tr style=\"text-align: right;\">\n",
       "      <th></th>\n",
       "      <th>Country</th>\n",
       "      <th>Happiness.Rank</th>\n",
       "      <th>Happiness.Score</th>\n",
       "      <th>Whisker.high</th>\n",
       "      <th>Whisker.low</th>\n",
       "      <th>Economy..GDP.per.Capita.</th>\n",
       "      <th>Family</th>\n",
       "      <th>Health..Life.Expectancy.</th>\n",
       "      <th>Freedom</th>\n",
       "      <th>Generosity</th>\n",
       "      <th>Trust..Government.Corruption.</th>\n",
       "      <th>Dystopia.Residual</th>\n",
       "    </tr>\n",
       "  </thead>\n",
       "  <tbody>\n",
       "    <tr>\n",
       "      <th>139</th>\n",
       "      <td>Angola</td>\n",
       "      <td>140</td>\n",
       "      <td>3.795</td>\n",
       "      <td>3.951642</td>\n",
       "      <td>3.638358</td>\n",
       "      <td>0.858428</td>\n",
       "      <td>1.104412</td>\n",
       "      <td>0.049869</td>\n",
       "      <td>0.000000</td>\n",
       "      <td>0.097926</td>\n",
       "      <td>0.069720</td>\n",
       "      <td>1.614482</td>\n",
       "    </tr>\n",
       "    <tr>\n",
       "      <th>129</th>\n",
       "      <td>Sudan</td>\n",
       "      <td>130</td>\n",
       "      <td>4.139</td>\n",
       "      <td>4.345747</td>\n",
       "      <td>3.932253</td>\n",
       "      <td>0.659517</td>\n",
       "      <td>1.214009</td>\n",
       "      <td>0.290921</td>\n",
       "      <td>0.014996</td>\n",
       "      <td>0.182317</td>\n",
       "      <td>0.089848</td>\n",
       "      <td>1.687066</td>\n",
       "    </tr>\n",
       "    <tr>\n",
       "      <th>144</th>\n",
       "      <td>Haiti</td>\n",
       "      <td>145</td>\n",
       "      <td>3.603</td>\n",
       "      <td>3.734715</td>\n",
       "      <td>3.471285</td>\n",
       "      <td>0.368610</td>\n",
       "      <td>0.640450</td>\n",
       "      <td>0.277321</td>\n",
       "      <td>0.030370</td>\n",
       "      <td>0.489204</td>\n",
       "      <td>0.099872</td>\n",
       "      <td>1.697168</td>\n",
       "    </tr>\n",
       "    <tr>\n",
       "      <th>153</th>\n",
       "      <td>Burundi</td>\n",
       "      <td>154</td>\n",
       "      <td>2.905</td>\n",
       "      <td>3.074690</td>\n",
       "      <td>2.735310</td>\n",
       "      <td>0.091623</td>\n",
       "      <td>0.629794</td>\n",
       "      <td>0.151611</td>\n",
       "      <td>0.059901</td>\n",
       "      <td>0.204435</td>\n",
       "      <td>0.084148</td>\n",
       "      <td>1.683024</td>\n",
       "    </tr>\n",
       "    <tr>\n",
       "      <th>151</th>\n",
       "      <td>Syria</td>\n",
       "      <td>152</td>\n",
       "      <td>3.462</td>\n",
       "      <td>3.663669</td>\n",
       "      <td>3.260331</td>\n",
       "      <td>0.777153</td>\n",
       "      <td>0.396103</td>\n",
       "      <td>0.500533</td>\n",
       "      <td>0.081539</td>\n",
       "      <td>0.493664</td>\n",
       "      <td>0.151347</td>\n",
       "      <td>1.061574</td>\n",
       "    </tr>\n",
       "    <tr>\n",
       "      <th>...</th>\n",
       "      <td>...</td>\n",
       "      <td>...</td>\n",
       "      <td>...</td>\n",
       "      <td>...</td>\n",
       "      <td>...</td>\n",
       "      <td>...</td>\n",
       "      <td>...</td>\n",
       "      <td>...</td>\n",
       "      <td>...</td>\n",
       "      <td>...</td>\n",
       "      <td>...</td>\n",
       "      <td>...</td>\n",
       "    </tr>\n",
       "    <tr>\n",
       "      <th>1</th>\n",
       "      <td>Denmark</td>\n",
       "      <td>2</td>\n",
       "      <td>7.522</td>\n",
       "      <td>7.581728</td>\n",
       "      <td>7.462272</td>\n",
       "      <td>1.482383</td>\n",
       "      <td>1.551122</td>\n",
       "      <td>0.792566</td>\n",
       "      <td>0.626007</td>\n",
       "      <td>0.355280</td>\n",
       "      <td>0.400770</td>\n",
       "      <td>2.313707</td>\n",
       "    </tr>\n",
       "    <tr>\n",
       "      <th>2</th>\n",
       "      <td>Iceland</td>\n",
       "      <td>3</td>\n",
       "      <td>7.504</td>\n",
       "      <td>7.622030</td>\n",
       "      <td>7.385970</td>\n",
       "      <td>1.480633</td>\n",
       "      <td>1.610574</td>\n",
       "      <td>0.833552</td>\n",
       "      <td>0.627163</td>\n",
       "      <td>0.475540</td>\n",
       "      <td>0.153527</td>\n",
       "      <td>2.322715</td>\n",
       "    </tr>\n",
       "    <tr>\n",
       "      <th>128</th>\n",
       "      <td>Cambodia</td>\n",
       "      <td>129</td>\n",
       "      <td>4.168</td>\n",
       "      <td>4.278518</td>\n",
       "      <td>4.057483</td>\n",
       "      <td>0.601765</td>\n",
       "      <td>1.006238</td>\n",
       "      <td>0.429783</td>\n",
       "      <td>0.633376</td>\n",
       "      <td>0.385923</td>\n",
       "      <td>0.068106</td>\n",
       "      <td>1.042941</td>\n",
       "    </tr>\n",
       "    <tr>\n",
       "      <th>0</th>\n",
       "      <td>Norway</td>\n",
       "      <td>1</td>\n",
       "      <td>7.537</td>\n",
       "      <td>7.594445</td>\n",
       "      <td>7.479556</td>\n",
       "      <td>1.616463</td>\n",
       "      <td>1.533524</td>\n",
       "      <td>0.796667</td>\n",
       "      <td>0.635423</td>\n",
       "      <td>0.362012</td>\n",
       "      <td>0.315964</td>\n",
       "      <td>2.277027</td>\n",
       "    </tr>\n",
       "    <tr>\n",
       "      <th>46</th>\n",
       "      <td>Uzbekistan</td>\n",
       "      <td>47</td>\n",
       "      <td>5.971</td>\n",
       "      <td>6.065538</td>\n",
       "      <td>5.876463</td>\n",
       "      <td>0.786441</td>\n",
       "      <td>1.548969</td>\n",
       "      <td>0.498273</td>\n",
       "      <td>0.658249</td>\n",
       "      <td>0.415984</td>\n",
       "      <td>0.246528</td>\n",
       "      <td>1.816914</td>\n",
       "    </tr>\n",
       "  </tbody>\n",
       "</table>\n",
       "<p>155 rows × 12 columns</p>\n",
       "</div>"
      ],
      "text/plain": [
       "        Country  Happiness.Rank  Happiness.Score  Whisker.high  Whisker.low  \\\n",
       "139      Angola             140            3.795      3.951642     3.638358   \n",
       "129       Sudan             130            4.139      4.345747     3.932253   \n",
       "144       Haiti             145            3.603      3.734715     3.471285   \n",
       "153     Burundi             154            2.905      3.074690     2.735310   \n",
       "151       Syria             152            3.462      3.663669     3.260331   \n",
       "..          ...             ...              ...           ...          ...   \n",
       "1       Denmark               2            7.522      7.581728     7.462272   \n",
       "2       Iceland               3            7.504      7.622030     7.385970   \n",
       "128    Cambodia             129            4.168      4.278518     4.057483   \n",
       "0        Norway               1            7.537      7.594445     7.479556   \n",
       "46   Uzbekistan              47            5.971      6.065538     5.876463   \n",
       "\n",
       "     Economy..GDP.per.Capita.    Family  Health..Life.Expectancy.   Freedom  \\\n",
       "139                  0.858428  1.104412                  0.049869  0.000000   \n",
       "129                  0.659517  1.214009                  0.290921  0.014996   \n",
       "144                  0.368610  0.640450                  0.277321  0.030370   \n",
       "153                  0.091623  0.629794                  0.151611  0.059901   \n",
       "151                  0.777153  0.396103                  0.500533  0.081539   \n",
       "..                        ...       ...                       ...       ...   \n",
       "1                    1.482383  1.551122                  0.792566  0.626007   \n",
       "2                    1.480633  1.610574                  0.833552  0.627163   \n",
       "128                  0.601765  1.006238                  0.429783  0.633376   \n",
       "0                    1.616463  1.533524                  0.796667  0.635423   \n",
       "46                   0.786441  1.548969                  0.498273  0.658249   \n",
       "\n",
       "     Generosity  Trust..Government.Corruption.  Dystopia.Residual  \n",
       "139    0.097926                       0.069720           1.614482  \n",
       "129    0.182317                       0.089848           1.687066  \n",
       "144    0.489204                       0.099872           1.697168  \n",
       "153    0.204435                       0.084148           1.683024  \n",
       "151    0.493664                       0.151347           1.061574  \n",
       "..          ...                            ...                ...  \n",
       "1      0.355280                       0.400770           2.313707  \n",
       "2      0.475540                       0.153527           2.322715  \n",
       "128    0.385923                       0.068106           1.042941  \n",
       "0      0.362012                       0.315964           2.277027  \n",
       "46     0.415984                       0.246528           1.816914  \n",
       "\n",
       "[155 rows x 12 columns]"
      ]
     },
     "execution_count": 18,
     "metadata": {},
     "output_type": "execute_result"
    }
   ],
   "source": [
    "happiness_df.sort_values(\"Freedom\")"
   ]
  },
  {
   "cell_type": "markdown",
   "metadata": {},
   "source": [
    "### Sort descending\n",
    "\n",
    "To sort from highest to lowest, we must provide  `ascending=False` as an argument to `sort_values()`"
   ]
  },
  {
   "cell_type": "code",
   "execution_count": 19,
   "metadata": {},
   "outputs": [
    {
     "data": {
      "text/html": [
       "<div>\n",
       "<style scoped>\n",
       "    .dataframe tbody tr th:only-of-type {\n",
       "        vertical-align: middle;\n",
       "    }\n",
       "\n",
       "    .dataframe tbody tr th {\n",
       "        vertical-align: top;\n",
       "    }\n",
       "\n",
       "    .dataframe thead th {\n",
       "        text-align: right;\n",
       "    }\n",
       "</style>\n",
       "<table border=\"1\" class=\"dataframe\">\n",
       "  <thead>\n",
       "    <tr style=\"text-align: right;\">\n",
       "      <th></th>\n",
       "      <th>Country</th>\n",
       "      <th>Happiness.Rank</th>\n",
       "      <th>Happiness.Score</th>\n",
       "      <th>Whisker.high</th>\n",
       "      <th>Whisker.low</th>\n",
       "      <th>Economy..GDP.per.Capita.</th>\n",
       "      <th>Family</th>\n",
       "      <th>Health..Life.Expectancy.</th>\n",
       "      <th>Freedom</th>\n",
       "      <th>Generosity</th>\n",
       "      <th>Trust..Government.Corruption.</th>\n",
       "      <th>Dystopia.Residual</th>\n",
       "    </tr>\n",
       "  </thead>\n",
       "  <tbody>\n",
       "    <tr>\n",
       "      <th>46</th>\n",
       "      <td>Uzbekistan</td>\n",
       "      <td>47</td>\n",
       "      <td>5.971</td>\n",
       "      <td>6.065538</td>\n",
       "      <td>5.876463</td>\n",
       "      <td>0.786441</td>\n",
       "      <td>1.548969</td>\n",
       "      <td>0.498273</td>\n",
       "      <td>0.658249</td>\n",
       "      <td>0.415984</td>\n",
       "      <td>0.246528</td>\n",
       "      <td>1.816914</td>\n",
       "    </tr>\n",
       "    <tr>\n",
       "      <th>0</th>\n",
       "      <td>Norway</td>\n",
       "      <td>1</td>\n",
       "      <td>7.537</td>\n",
       "      <td>7.594445</td>\n",
       "      <td>7.479556</td>\n",
       "      <td>1.616463</td>\n",
       "      <td>1.533524</td>\n",
       "      <td>0.796667</td>\n",
       "      <td>0.635423</td>\n",
       "      <td>0.362012</td>\n",
       "      <td>0.315964</td>\n",
       "      <td>2.277027</td>\n",
       "    </tr>\n",
       "    <tr>\n",
       "      <th>128</th>\n",
       "      <td>Cambodia</td>\n",
       "      <td>129</td>\n",
       "      <td>4.168</td>\n",
       "      <td>4.278518</td>\n",
       "      <td>4.057483</td>\n",
       "      <td>0.601765</td>\n",
       "      <td>1.006238</td>\n",
       "      <td>0.429783</td>\n",
       "      <td>0.633376</td>\n",
       "      <td>0.385923</td>\n",
       "      <td>0.068106</td>\n",
       "      <td>1.042941</td>\n",
       "    </tr>\n",
       "    <tr>\n",
       "      <th>2</th>\n",
       "      <td>Iceland</td>\n",
       "      <td>3</td>\n",
       "      <td>7.504</td>\n",
       "      <td>7.622030</td>\n",
       "      <td>7.385970</td>\n",
       "      <td>1.480633</td>\n",
       "      <td>1.610574</td>\n",
       "      <td>0.833552</td>\n",
       "      <td>0.627163</td>\n",
       "      <td>0.475540</td>\n",
       "      <td>0.153527</td>\n",
       "      <td>2.322715</td>\n",
       "    </tr>\n",
       "    <tr>\n",
       "      <th>1</th>\n",
       "      <td>Denmark</td>\n",
       "      <td>2</td>\n",
       "      <td>7.522</td>\n",
       "      <td>7.581728</td>\n",
       "      <td>7.462272</td>\n",
       "      <td>1.482383</td>\n",
       "      <td>1.551122</td>\n",
       "      <td>0.792566</td>\n",
       "      <td>0.626007</td>\n",
       "      <td>0.355280</td>\n",
       "      <td>0.400770</td>\n",
       "      <td>2.313707</td>\n",
       "    </tr>\n",
       "    <tr>\n",
       "      <th>...</th>\n",
       "      <td>...</td>\n",
       "      <td>...</td>\n",
       "      <td>...</td>\n",
       "      <td>...</td>\n",
       "      <td>...</td>\n",
       "      <td>...</td>\n",
       "      <td>...</td>\n",
       "      <td>...</td>\n",
       "      <td>...</td>\n",
       "      <td>...</td>\n",
       "      <td>...</td>\n",
       "      <td>...</td>\n",
       "    </tr>\n",
       "    <tr>\n",
       "      <th>151</th>\n",
       "      <td>Syria</td>\n",
       "      <td>152</td>\n",
       "      <td>3.462</td>\n",
       "      <td>3.663669</td>\n",
       "      <td>3.260331</td>\n",
       "      <td>0.777153</td>\n",
       "      <td>0.396103</td>\n",
       "      <td>0.500533</td>\n",
       "      <td>0.081539</td>\n",
       "      <td>0.493664</td>\n",
       "      <td>0.151347</td>\n",
       "      <td>1.061574</td>\n",
       "    </tr>\n",
       "    <tr>\n",
       "      <th>153</th>\n",
       "      <td>Burundi</td>\n",
       "      <td>154</td>\n",
       "      <td>2.905</td>\n",
       "      <td>3.074690</td>\n",
       "      <td>2.735310</td>\n",
       "      <td>0.091623</td>\n",
       "      <td>0.629794</td>\n",
       "      <td>0.151611</td>\n",
       "      <td>0.059901</td>\n",
       "      <td>0.204435</td>\n",
       "      <td>0.084148</td>\n",
       "      <td>1.683024</td>\n",
       "    </tr>\n",
       "    <tr>\n",
       "      <th>144</th>\n",
       "      <td>Haiti</td>\n",
       "      <td>145</td>\n",
       "      <td>3.603</td>\n",
       "      <td>3.734715</td>\n",
       "      <td>3.471285</td>\n",
       "      <td>0.368610</td>\n",
       "      <td>0.640450</td>\n",
       "      <td>0.277321</td>\n",
       "      <td>0.030370</td>\n",
       "      <td>0.489204</td>\n",
       "      <td>0.099872</td>\n",
       "      <td>1.697168</td>\n",
       "    </tr>\n",
       "    <tr>\n",
       "      <th>129</th>\n",
       "      <td>Sudan</td>\n",
       "      <td>130</td>\n",
       "      <td>4.139</td>\n",
       "      <td>4.345747</td>\n",
       "      <td>3.932253</td>\n",
       "      <td>0.659517</td>\n",
       "      <td>1.214009</td>\n",
       "      <td>0.290921</td>\n",
       "      <td>0.014996</td>\n",
       "      <td>0.182317</td>\n",
       "      <td>0.089848</td>\n",
       "      <td>1.687066</td>\n",
       "    </tr>\n",
       "    <tr>\n",
       "      <th>139</th>\n",
       "      <td>Angola</td>\n",
       "      <td>140</td>\n",
       "      <td>3.795</td>\n",
       "      <td>3.951642</td>\n",
       "      <td>3.638358</td>\n",
       "      <td>0.858428</td>\n",
       "      <td>1.104412</td>\n",
       "      <td>0.049869</td>\n",
       "      <td>0.000000</td>\n",
       "      <td>0.097926</td>\n",
       "      <td>0.069720</td>\n",
       "      <td>1.614482</td>\n",
       "    </tr>\n",
       "  </tbody>\n",
       "</table>\n",
       "<p>155 rows × 12 columns</p>\n",
       "</div>"
      ],
      "text/plain": [
       "        Country  Happiness.Rank  Happiness.Score  Whisker.high  Whisker.low  \\\n",
       "46   Uzbekistan              47            5.971      6.065538     5.876463   \n",
       "0        Norway               1            7.537      7.594445     7.479556   \n",
       "128    Cambodia             129            4.168      4.278518     4.057483   \n",
       "2       Iceland               3            7.504      7.622030     7.385970   \n",
       "1       Denmark               2            7.522      7.581728     7.462272   \n",
       "..          ...             ...              ...           ...          ...   \n",
       "151       Syria             152            3.462      3.663669     3.260331   \n",
       "153     Burundi             154            2.905      3.074690     2.735310   \n",
       "144       Haiti             145            3.603      3.734715     3.471285   \n",
       "129       Sudan             130            4.139      4.345747     3.932253   \n",
       "139      Angola             140            3.795      3.951642     3.638358   \n",
       "\n",
       "     Economy..GDP.per.Capita.    Family  Health..Life.Expectancy.   Freedom  \\\n",
       "46                   0.786441  1.548969                  0.498273  0.658249   \n",
       "0                    1.616463  1.533524                  0.796667  0.635423   \n",
       "128                  0.601765  1.006238                  0.429783  0.633376   \n",
       "2                    1.480633  1.610574                  0.833552  0.627163   \n",
       "1                    1.482383  1.551122                  0.792566  0.626007   \n",
       "..                        ...       ...                       ...       ...   \n",
       "151                  0.777153  0.396103                  0.500533  0.081539   \n",
       "153                  0.091623  0.629794                  0.151611  0.059901   \n",
       "144                  0.368610  0.640450                  0.277321  0.030370   \n",
       "129                  0.659517  1.214009                  0.290921  0.014996   \n",
       "139                  0.858428  1.104412                  0.049869  0.000000   \n",
       "\n",
       "     Generosity  Trust..Government.Corruption.  Dystopia.Residual  \n",
       "46     0.415984                       0.246528           1.816914  \n",
       "0      0.362012                       0.315964           2.277027  \n",
       "128    0.385923                       0.068106           1.042941  \n",
       "2      0.475540                       0.153527           2.322715  \n",
       "1      0.355280                       0.400770           2.313707  \n",
       "..          ...                            ...                ...  \n",
       "151    0.493664                       0.151347           1.061574  \n",
       "153    0.204435                       0.084148           1.683024  \n",
       "144    0.489204                       0.099872           1.697168  \n",
       "129    0.182317                       0.089848           1.687066  \n",
       "139    0.097926                       0.069720           1.614482  \n",
       "\n",
       "[155 rows x 12 columns]"
      ]
     },
     "execution_count": 19,
     "metadata": {},
     "output_type": "execute_result"
    }
   ],
   "source": [
    "happiness_df.sort_values(\"Freedom\", ascending = False)"
   ]
  },
  {
   "cell_type": "markdown",
   "metadata": {},
   "source": [
    "### Sorting based on multiple columns\n",
    "\n",
    "**NOTE:** When sorting my multiple columns, the function will prioritize the columns in the order that they are provided in the list."
   ]
  },
  {
   "cell_type": "code",
   "execution_count": 20,
   "metadata": {},
   "outputs": [],
   "source": [
    "# In case of a tie in Family, Generosity is used to place the order\n",
    "sorted_df = happiness_df.sort_values(['Family', 'Generosity'], ascending = False)"
   ]
  },
  {
   "cell_type": "markdown",
   "metadata": {},
   "source": [
    "### Reset the index\n",
    "\n",
    "After we sort, the rows will be in a different order, but they will still maintain their pre-sort indexes, which means that the row at index 0 will not necessarily be the row with the highest/lowest value. By resetting the index, we update the indexes to reflect the new sort order.\n",
    "\n",
    "The `drop=True` argument for `reset_index()` simply means that we don't want to have the original indexes stored as a column in the dataFrame. We just want to drop them."
   ]
  },
  {
   "cell_type": "code",
   "execution_count": 21,
   "metadata": {},
   "outputs": [
    {
     "data": {
      "text/html": [
       "<div>\n",
       "<style scoped>\n",
       "    .dataframe tbody tr th:only-of-type {\n",
       "        vertical-align: middle;\n",
       "    }\n",
       "\n",
       "    .dataframe tbody tr th {\n",
       "        vertical-align: top;\n",
       "    }\n",
       "\n",
       "    .dataframe thead th {\n",
       "        text-align: right;\n",
       "    }\n",
       "</style>\n",
       "<table border=\"1\" class=\"dataframe\">\n",
       "  <thead>\n",
       "    <tr style=\"text-align: right;\">\n",
       "      <th></th>\n",
       "      <th>Country</th>\n",
       "      <th>Happiness.Rank</th>\n",
       "      <th>Happiness.Score</th>\n",
       "      <th>Whisker.high</th>\n",
       "      <th>Whisker.low</th>\n",
       "      <th>Economy..GDP.per.Capita.</th>\n",
       "      <th>Family</th>\n",
       "      <th>Health..Life.Expectancy.</th>\n",
       "      <th>Freedom</th>\n",
       "      <th>Generosity</th>\n",
       "      <th>Trust..Government.Corruption.</th>\n",
       "      <th>Dystopia.Residual</th>\n",
       "    </tr>\n",
       "  </thead>\n",
       "  <tbody>\n",
       "    <tr>\n",
       "      <th>0</th>\n",
       "      <td>Iceland</td>\n",
       "      <td>3</td>\n",
       "      <td>7.504</td>\n",
       "      <td>7.622030</td>\n",
       "      <td>7.385970</td>\n",
       "      <td>1.480633</td>\n",
       "      <td>1.610574</td>\n",
       "      <td>0.833552</td>\n",
       "      <td>0.627163</td>\n",
       "      <td>0.475540</td>\n",
       "      <td>0.153527</td>\n",
       "      <td>2.322715</td>\n",
       "    </tr>\n",
       "    <tr>\n",
       "      <th>1</th>\n",
       "      <td>Ireland</td>\n",
       "      <td>15</td>\n",
       "      <td>6.977</td>\n",
       "      <td>7.043352</td>\n",
       "      <td>6.910649</td>\n",
       "      <td>1.535707</td>\n",
       "      <td>1.558231</td>\n",
       "      <td>0.809783</td>\n",
       "      <td>0.573110</td>\n",
       "      <td>0.427858</td>\n",
       "      <td>0.298388</td>\n",
       "      <td>1.773869</td>\n",
       "    </tr>\n",
       "    <tr>\n",
       "      <th>2</th>\n",
       "      <td>Denmark</td>\n",
       "      <td>2</td>\n",
       "      <td>7.522</td>\n",
       "      <td>7.581728</td>\n",
       "      <td>7.462272</td>\n",
       "      <td>1.482383</td>\n",
       "      <td>1.551122</td>\n",
       "      <td>0.792566</td>\n",
       "      <td>0.626007</td>\n",
       "      <td>0.355280</td>\n",
       "      <td>0.400770</td>\n",
       "      <td>2.313707</td>\n",
       "    </tr>\n",
       "    <tr>\n",
       "      <th>3</th>\n",
       "      <td>Uzbekistan</td>\n",
       "      <td>47</td>\n",
       "      <td>5.971</td>\n",
       "      <td>6.065538</td>\n",
       "      <td>5.876463</td>\n",
       "      <td>0.786441</td>\n",
       "      <td>1.548969</td>\n",
       "      <td>0.498273</td>\n",
       "      <td>0.658249</td>\n",
       "      <td>0.415984</td>\n",
       "      <td>0.246528</td>\n",
       "      <td>1.816914</td>\n",
       "    </tr>\n",
       "    <tr>\n",
       "      <th>4</th>\n",
       "      <td>New Zealand</td>\n",
       "      <td>8</td>\n",
       "      <td>7.314</td>\n",
       "      <td>7.379510</td>\n",
       "      <td>7.248490</td>\n",
       "      <td>1.405706</td>\n",
       "      <td>1.548195</td>\n",
       "      <td>0.816760</td>\n",
       "      <td>0.614062</td>\n",
       "      <td>0.500005</td>\n",
       "      <td>0.382817</td>\n",
       "      <td>2.046456</td>\n",
       "    </tr>\n",
       "    <tr>\n",
       "      <th>...</th>\n",
       "      <td>...</td>\n",
       "      <td>...</td>\n",
       "      <td>...</td>\n",
       "      <td>...</td>\n",
       "      <td>...</td>\n",
       "      <td>...</td>\n",
       "      <td>...</td>\n",
       "      <td>...</td>\n",
       "      <td>...</td>\n",
       "      <td>...</td>\n",
       "      <td>...</td>\n",
       "      <td>...</td>\n",
       "    </tr>\n",
       "    <tr>\n",
       "      <th>150</th>\n",
       "      <td>Malawi</td>\n",
       "      <td>136</td>\n",
       "      <td>3.970</td>\n",
       "      <td>4.077479</td>\n",
       "      <td>3.862521</td>\n",
       "      <td>0.233442</td>\n",
       "      <td>0.512569</td>\n",
       "      <td>0.315090</td>\n",
       "      <td>0.466915</td>\n",
       "      <td>0.287170</td>\n",
       "      <td>0.072712</td>\n",
       "      <td>2.081786</td>\n",
       "    </tr>\n",
       "    <tr>\n",
       "      <th>151</th>\n",
       "      <td>Benin</td>\n",
       "      <td>143</td>\n",
       "      <td>3.657</td>\n",
       "      <td>3.745784</td>\n",
       "      <td>3.568217</td>\n",
       "      <td>0.431085</td>\n",
       "      <td>0.435300</td>\n",
       "      <td>0.209930</td>\n",
       "      <td>0.425963</td>\n",
       "      <td>0.207948</td>\n",
       "      <td>0.060929</td>\n",
       "      <td>1.885631</td>\n",
       "    </tr>\n",
       "    <tr>\n",
       "      <th>152</th>\n",
       "      <td>Togo</td>\n",
       "      <td>150</td>\n",
       "      <td>3.495</td>\n",
       "      <td>3.594038</td>\n",
       "      <td>3.395962</td>\n",
       "      <td>0.305445</td>\n",
       "      <td>0.431883</td>\n",
       "      <td>0.247106</td>\n",
       "      <td>0.380426</td>\n",
       "      <td>0.196896</td>\n",
       "      <td>0.095665</td>\n",
       "      <td>1.837229</td>\n",
       "    </tr>\n",
       "    <tr>\n",
       "      <th>153</th>\n",
       "      <td>Syria</td>\n",
       "      <td>152</td>\n",
       "      <td>3.462</td>\n",
       "      <td>3.663669</td>\n",
       "      <td>3.260331</td>\n",
       "      <td>0.777153</td>\n",
       "      <td>0.396103</td>\n",
       "      <td>0.500533</td>\n",
       "      <td>0.081539</td>\n",
       "      <td>0.493664</td>\n",
       "      <td>0.151347</td>\n",
       "      <td>1.061574</td>\n",
       "    </tr>\n",
       "    <tr>\n",
       "      <th>154</th>\n",
       "      <td>Central African Republic</td>\n",
       "      <td>155</td>\n",
       "      <td>2.693</td>\n",
       "      <td>2.864884</td>\n",
       "      <td>2.521116</td>\n",
       "      <td>0.000000</td>\n",
       "      <td>0.000000</td>\n",
       "      <td>0.018773</td>\n",
       "      <td>0.270842</td>\n",
       "      <td>0.280876</td>\n",
       "      <td>0.056565</td>\n",
       "      <td>2.066005</td>\n",
       "    </tr>\n",
       "  </tbody>\n",
       "</table>\n",
       "<p>155 rows × 12 columns</p>\n",
       "</div>"
      ],
      "text/plain": [
       "                      Country  Happiness.Rank  Happiness.Score  Whisker.high  \\\n",
       "0                     Iceland               3            7.504      7.622030   \n",
       "1                     Ireland              15            6.977      7.043352   \n",
       "2                     Denmark               2            7.522      7.581728   \n",
       "3                  Uzbekistan              47            5.971      6.065538   \n",
       "4                 New Zealand               8            7.314      7.379510   \n",
       "..                        ...             ...              ...           ...   \n",
       "150                    Malawi             136            3.970      4.077479   \n",
       "151                     Benin             143            3.657      3.745784   \n",
       "152                      Togo             150            3.495      3.594038   \n",
       "153                     Syria             152            3.462      3.663669   \n",
       "154  Central African Republic             155            2.693      2.864884   \n",
       "\n",
       "     Whisker.low  Economy..GDP.per.Capita.    Family  \\\n",
       "0       7.385970                  1.480633  1.610574   \n",
       "1       6.910649                  1.535707  1.558231   \n",
       "2       7.462272                  1.482383  1.551122   \n",
       "3       5.876463                  0.786441  1.548969   \n",
       "4       7.248490                  1.405706  1.548195   \n",
       "..           ...                       ...       ...   \n",
       "150     3.862521                  0.233442  0.512569   \n",
       "151     3.568217                  0.431085  0.435300   \n",
       "152     3.395962                  0.305445  0.431883   \n",
       "153     3.260331                  0.777153  0.396103   \n",
       "154     2.521116                  0.000000  0.000000   \n",
       "\n",
       "     Health..Life.Expectancy.   Freedom  Generosity  \\\n",
       "0                    0.833552  0.627163    0.475540   \n",
       "1                    0.809783  0.573110    0.427858   \n",
       "2                    0.792566  0.626007    0.355280   \n",
       "3                    0.498273  0.658249    0.415984   \n",
       "4                    0.816760  0.614062    0.500005   \n",
       "..                        ...       ...         ...   \n",
       "150                  0.315090  0.466915    0.287170   \n",
       "151                  0.209930  0.425963    0.207948   \n",
       "152                  0.247106  0.380426    0.196896   \n",
       "153                  0.500533  0.081539    0.493664   \n",
       "154                  0.018773  0.270842    0.280876   \n",
       "\n",
       "     Trust..Government.Corruption.  Dystopia.Residual  \n",
       "0                         0.153527           2.322715  \n",
       "1                         0.298388           1.773869  \n",
       "2                         0.400770           2.313707  \n",
       "3                         0.246528           1.816914  \n",
       "4                         0.382817           2.046456  \n",
       "..                             ...                ...  \n",
       "150                       0.072712           2.081786  \n",
       "151                       0.060929           1.885631  \n",
       "152                       0.095665           1.837229  \n",
       "153                       0.151347           1.061574  \n",
       "154                       0.056565           2.066005  \n",
       "\n",
       "[155 rows x 12 columns]"
      ]
     },
     "execution_count": 21,
     "metadata": {},
     "output_type": "execute_result"
    }
   ],
   "source": [
    "sorted_df.reset_index(drop = True)"
   ]
  },
  {
   "cell_type": "code",
   "execution_count": 22,
   "metadata": {},
   "outputs": [
    {
     "data": {
      "text/html": [
       "<div>\n",
       "<style scoped>\n",
       "    .dataframe tbody tr th:only-of-type {\n",
       "        vertical-align: middle;\n",
       "    }\n",
       "\n",
       "    .dataframe tbody tr th {\n",
       "        vertical-align: top;\n",
       "    }\n",
       "\n",
       "    .dataframe thead th {\n",
       "        text-align: right;\n",
       "    }\n",
       "</style>\n",
       "<table border=\"1\" class=\"dataframe\">\n",
       "  <thead>\n",
       "    <tr style=\"text-align: right;\">\n",
       "      <th></th>\n",
       "      <th>Country</th>\n",
       "      <th>Happiness.Rank</th>\n",
       "      <th>Happiness.Score</th>\n",
       "      <th>Whisker.high</th>\n",
       "      <th>Whisker.low</th>\n",
       "      <th>Economy..GDP.per.Capita.</th>\n",
       "      <th>Family</th>\n",
       "      <th>Health..Life.Expectancy.</th>\n",
